|           HJD | Relative_Flux | Relative_Flux_Uncertainty | Accepted |
|        days |        double |                    double |      int |
  2453897.75327          1.0004                      0.0024          1  
  2453897.75417          0.9971                      0.0024          1  
  2453897.75517          1.0031                      0.0024          1  
  2453897.75607          1.0056                      0.0024          1  
  2453897.75707          1.0059                      0.0024          1  
  2453897.75797          1.0034                      0.0024          1  
  2453897.75887          0.9969                      0.0024          1  
  2453897.75987          0.9984                      0.0024          1  
  2453897.76077          1.0012                      0.0024          1  
  2453897.76227          0.9959                      0.0024          1  
  2453897.76327          1.0002                      0.0024          1  
  2453897.76417          0.9988                      0.0024          1  
  2453897.76517          0.9949                      0.0024          1  
  2453897.76607          0.9985                      0.0024          1  
  2453897.76697          1.0024                      0.0024          1  
  2453897.76797          0.9997                      0.0024          1  
  2453897.76887          0.9984                      0.0023          1  
  2453897.76987          0.9993                      0.0023          1  
  2453897.77077          0.9991                      0.0023          1  
  2453897.77227          0.9932                      0.0023          1  
  2453897.77317          0.9982                      0.0023          1  
  2453897.77417          0.9977                      0.0023          1  
  2453897.77507          1.0006                      0.0023          1  
  2453897.77597          0.9978                      0.0023          1  
  2453897.77697          0.9989                      0.0023          1  
  2453897.77797          0.9990                      0.0023          1  
  2453897.77887          0.9976                      0.0023          1  
  2453897.77977          1.0024                      0.0023          1  
  2453897.78077          1.0016                      0.0023          1  
  2453897.78227          0.9985                      0.0023          1  
  2453897.78317          0.9954                      0.0023          1  
  2453897.78407          0.9976                      0.0023          1  
  2453897.78507          1.0003                      0.0023          1  
  2453897.78607          1.0040                      0.0023          1  
  2453897.78697          1.0036                      0.0023          1  
  2453897.78797          1.0032                      0.0023          1  
  2453897.78887          1.0018                      0.0023          1  
  2453897.78987          0.9988                      0.0023          1  
  2453897.79077          1.0004                      0.0022          1  
  2453897.79227          1.0036                      0.0022          1  
  2453897.79327          1.0029                      0.0022          1  
  2453897.79427          1.0028                      0.0022          1  
  2453897.79517          1.0020                      0.0022          1  
  2453897.79617          1.0018                      0.0022          1  
  2453897.79707          0.9976                      0.0022          1  
  2453897.79807          0.9967                      0.0022          1  
  2453897.79898          0.9990                      0.0022          1  
  2453897.79997          0.9994                      0.0022          1  
  2453897.80088          1.0003                      0.0022          1  
  2453897.80237          1.0010                      0.0022          1  
  2453897.80327          0.9999                      0.0022          1  
  2453897.80428          0.9985                      0.0022          1  
  2453897.80517          1.0015                      0.0022          1  
  2453897.80618          1.0001                      0.0022          1  
  2453897.80707          0.9999                      0.0022          1  
  2453897.80797          0.9983                      0.0022          1  
  2453897.80897          0.9990                      0.0022          1  
  2453897.80987          1.0000                      0.0022          1  
  2453897.81087          0.9977                      0.0021          1  
  2453897.81227          0.9932                      0.0021          1  
  2453897.81328          0.9945                      0.0021          1  
  2453897.81427          0.9937                      0.0021          1  
  2453897.81518          0.9928                      0.0021          1  
  2453897.81617          0.9905                      0.0021          1  
  2453897.81708          0.9907                      0.0021          1  
  2453897.81808          0.9867                      0.0021          1  
  2453897.81898          0.9835                      0.0021          1  
  2453897.81998          0.9839                      0.0021          1  
  2453897.82088          0.9812                      0.0021          1  
  2453897.82238          0.9817                      0.0021          1  
  2453897.82328          0.9783                      0.0021          1  
  2453897.82418          0.9774                      0.0021          1  
  2453897.82518          0.9779                      0.0021          1  
  2453897.82618          0.9798                      0.0021          1  
  2453897.82708          0.9812                      0.0021          1  
  2453897.82808          0.9801                      0.0021          1  
  2453897.82898          0.9747                      0.0021          1  
  2453897.82998          0.9743                      0.0021          1  
  2453897.83088          0.9720                      0.0021          1  
  2453897.83238          0.9762                      0.0020          1  
  2453897.83328          0.9723                      0.0020          1  
  2453897.83428          0.9761                      0.0020          1  
  2453897.83518          0.9751                      0.0020          1  
  2453897.83618          0.9751                      0.0020          1  
  2453897.83708          0.9761                      0.0020          1  
  2453897.83798          0.9743                      0.0020          1  
  2453897.83898          0.9740                      0.0020          1  
  2453897.83998          0.9722                      0.0020          1  
  2453897.84088          0.9721                      0.0020          1  
  2453897.84238          0.9755                      0.0020          1  
  2453897.84328          0.9731                      0.0020          1  
  2453897.84418          0.9712                      0.0020          1  
  2453897.84518          0.9742                      0.0020          1  
  2453897.84608          0.9734                      0.0020          1  
  2453897.84708          0.9756                      0.0020          1  
  2453897.84798          0.9711                      0.0020          1  
  2453897.84898          0.9730                      0.0020          1  
  2453897.84988          0.9738                      0.0020          1  
  2453897.85078          0.9769                      0.0020          1  
  2453897.85228          0.9700                      0.0020          1  
  2453897.85318          0.9778                      0.0020          1  
  2453897.85418          0.9753                      0.0019          1  
  2453897.85508          0.9750                      0.0019          1  
  2453897.85608          0.9756                      0.0019          1  
  2453897.85698          0.9765                      0.0019          1  
  2453897.85788          0.9743                      0.0019          1  
  2453897.85888          0.9771                      0.0019          1  
  2453897.85978          0.9799                      0.0019          1  
  2453897.86068          0.9762                      0.0019          1  
  2453897.86218          0.9761                      0.0019          1  
  2453897.86308          0.9766                      0.0019          1  
  2453897.86408          0.9801                      0.0019          1  
  2453897.86498          0.9779                      0.0019          1  
  2453897.86588          0.9789                      0.0019          1  
  2453897.86678          0.9804                      0.0019          1  
  2453897.86778          0.9834                      0.0019          1  
  2453897.86868          0.9817                      0.0019          1  
  2453897.86958          0.9858                      0.0019          1  
  2453897.87058          0.9856                      0.0019          1  
  2453897.87208          0.9908                      0.0019          1  
  2453897.87298          0.9898                      0.0019          1  
  2453897.87398          0.9918                      0.0019          1  
  2453897.87488          0.9954                      0.0018          1  
  2453897.87578          0.9958                      0.0018          1  
  2453897.87678          0.9958                      0.0018          1  
  2453897.87768          0.9972                      0.0018          1  
  2453897.87858          0.9975                      0.0018          1  
  2453897.87958          0.9970                      0.0018          1  
  2453897.88048          0.9982                      0.0018          1  
  2453897.88198          0.9997                      0.0018          1  
  2453897.88288          0.9997                      0.0018          1  
  2453897.88388          0.9992                      0.0018          1  
  2453897.88478          0.9987                      0.0018          1  
  2453897.88568          1.0003                      0.0018          1  
  2453897.88658          1.0018                      0.0018          1  
  2453897.88758          1.0023                      0.0018          1  
  2453897.88848          1.0003                      0.0018          1  
  2453897.88938          0.9989                      0.0018          1  
  2453897.89028          0.9981                      0.0018          1  
  2453897.89178          1.0013                      0.0018          1  
  2453897.89268          0.9962                      0.0018          1  
  2453897.89368          0.9984                      0.0018          1  
  2453897.89458          1.0010                      0.0018          1  
  2453897.89558          0.9998                      0.0018          1  
  2453897.89648          1.0006                      0.0017          1  
  2453897.89738          0.9977                      0.0017          1  
  2453897.89838          0.9989                      0.0017          1  
  2453897.89928          0.9987                      0.0017          1  
  2453897.90018          1.0004                      0.0017          1  
  2453897.90168          0.9962                      0.0017          1  
  2453897.90258          1.0020                      0.0017          1  
  2453897.90348          0.9975                      0.0017          1  
  2453897.90438          1.0012                      0.0017          1  
  2453897.90538          1.0001                      0.0017          1  
  2453897.90628          1.0004                      0.0017          1  
  2453897.90718          0.9965                      0.0017          1  
  2453897.90808          1.0000                      0.0017          1  
  2453897.90908          1.0015                      0.0017          1  
  2453897.90998          1.0027                      0.0017          1  
  2453897.91138          0.9980                      0.0017          1  
  2453897.91238          0.9975                      0.0017          1  
  2453897.91328          0.9979                      0.0017          1  
  2453897.91418          0.9989                      0.0017          1  
  2453897.91518          1.0004                      0.0017          1  
  2453897.91608          1.0011                      0.0016          1  
  2453897.91698          0.9997                      0.0016          1  
  2453897.91788          1.0015                      0.0016          1  
  2453897.91878          0.9991                      0.0016          1  
  2453897.91968          0.9965                      0.0016          1  
  2453897.92118          1.0001                      0.0016          1  
  2453897.92208          1.0020                      0.0016          1  
  2453897.92298          1.0007                      0.0016          1  
  2453897.92388          0.9969                      0.0016          1  
  2453897.92478          0.9964                      0.0016          1  
  2453897.92578          1.0011                      0.0016          1  
  2453897.92668          1.0025                      0.0016          1  
  2453897.92758          0.9993                      0.0016          1  
  2453897.92858          0.9979                      0.0016          1  
  2453897.92948          1.0006                      0.0016          1  
  2453897.93088          0.9999                      0.0016          1  
  2453897.93188          1.0020                      0.0016          1  
  2453897.93278          1.0002                      0.0016          1  
  2453897.93368          0.9997                      0.0016          1  
  2453897.93468          0.9990                      0.0016          1  
  2453897.93558          1.0006                      0.0016          1  
  2453897.93648          1.0013                      0.0016          1  
  2453897.93748          1.0010                      0.0016          1  
  2453897.93838          0.9995                      0.0015          1  
  2453897.93928          1.0025                      0.0015          1  
  2453897.94078          1.0004                      0.0015          1  
  2453897.94168          1.0000                      0.0015          1  
  2453897.94268          1.0002                      0.0015          1  
  2453897.94358          1.0009                      0.0015          1  
  2453897.94448          1.0012                      0.0015          1  
  2453897.94548          0.9980                      0.0015          1  
  2453897.94638          1.0019                      0.0015          1  
  2453897.94728          1.0003                      0.0015          1  
  2453897.94828          0.9984                      0.0015          1  
  2453897.94918          0.9988                      0.0015          1  
  2453897.95058          1.0018                      0.0015          1  
  2453897.95158          1.0026                      0.0015          1  
  2453897.95248          1.0001                      0.0015          1  
